pushplus_token:ba6e59e5644247fd987e168276097bbd
refresh_token:54fef08c9dd04b9187570501209e3785
bilibili_cookie: 123456abc ## B站cookie
kk_cookie: 123456abc ##夸克网盘cookie
jd_cookie:retina=1; cid=9; appCode=ms0ca95114; webp=1; __jdv=122270672%7Cdirect%7C-%7Cnone%7C-%7C1731869456863; __jdc=122270672; mba_muid=1731869456861413455303; visitkey=7928198295803597190; PPRD_P=UUID.1731869456861413455303; share_cpin=; share_open_id=; share_gpin=; shareChannel=; source_module=; erp=; sc_width=393; shshshfpa=28530561-8f1b-1ec0-fe07-b641e72f2802-1727649418; shshshfpx=28530561-8f1b-1ec0-fe07-b641e72f2802-1727649418; equipmentId=BGGDCSHI4LH2GUCWPR4LK4BQWLH6WIELRQUVCT7DEGSGMPN7XYP6JADKTUKVM5PGXISM5CCKDY6QKDYE4HCHBMO4UA; fingerprint=449fd47035a8dfd041ad9c7f4f80cfc4; deviceVersion=129.0.6668.100; deviceOS=android; deviceOSVersion=12; deviceName=Chrome; TrackerID=SVo6RoZz0cQ_SbQ3RaWiu-dqMxVOuHXU908Mv9Ofu35aCWjOh0MyIcQhJbAkvv0jxdsKypIjEd-0_yHQBi4yLQa1p5o6cel7FhzgXahZiIkoAz3Ylh_3rzuSEqwgTTx9AoS3-k_gGWY3HTDLbUYLRQ; pt_key=AAJnOjs9ADBmtM40JvQtHeBrAxYc8pnNpGemAmY65huNUBA8-peNFGahmCjzXcHxG3pdPJm94VA; pt_pin=jd_66d3b7110e2ac; pt_token=nraubmd0; pwdt_id=jd_66d3b7110e2ac; sfstoken=tk01m08a91e9ea8sMiszT3phVitRT4uim+frdB5OlizHUzBfYi5gkqZYq+WCt6pIltbvsxfUxUdquoeRZj5uEVfThIlN; whwswswws=; wxa_level=1; wqmnx1=MDEyNjM2M3Bvai9uZW8yOTlvL0wgaSBKdUsxMClldDNUaWNlL2gxNjBpZjM2ZjRmQktZQ0ZGKCU%3D; jxsid=17319662059399530529; __jda=122270672.1731869456861413455303.1731869456.1731869456.1731966205.2; cd_eid=jdd03BGGDCSHI4LH2GUCWPR4LK4BQWLH6WIELRQUVCT7DEGSGMPN7XYP6JADKTUKVM5PGXISM5CCKDY6QKDYE4HCHBMO4UAAAAAMTHN3L3RYAAAAACATFG5HZAVB5SAX; 3AB9D23F7A4B3CSS=jdd03BGGDCSHI4LH2GUCWPR4LK4BQWLH6WIELRQUVCT7DEGSGMPN7XYP6JADKTUKVM5PGXISM5CCKDY6QKDYE4HCHBMO4UAAAAAMTIE5QJVQAAAAADHLFTGV2UDHEUIX; 3AB9D23F7A4B3C9B=BGGDCSHI4LH2GUCWPR4LK4BQWLH6WIELRQUVCT7DEGSGMPN7XYP6JADKTUKVM5PGXISM5CCKDY6QKDYE4HCHBMO4UA; _gia_d=1; __jdb=122270672.2.1731869456861413455303|2.1731966205; mba_sid=17319662059758919894356589095.2; __wga=1731966206784.1731966206784.1731869457166.1731869457166.1.2; jxsid_s_t=1731966206884; jxsid_s_u=https%3A//home.m.jd.com/myJd/newhome.action; shshshfpb=BApXSBZwzQvZApatxfVzwdEzO3zZc6ZnYBmUlkzdg9xJ1ItZfQtCAlknp23qrY4MhcrayADiBsg
